
import matplotlib.pyplot as plt
honestly = list(range(1,101))
falafel = [28.04, 24.04, 23.42, 21.9, 16.97, 16.44, 15.29, 12.91, 10.83, 9.21, 9.25, 8.04, 6.29, 5.27, 5.29, 4.83, 3.83, 3.42, 3.29, 2.89, 2.84, 1.87, 2.41, 1.77, 1.34, 1.64, 1.33, 1.1, 0.87, 0.85, 0.82, 0.88, 0.72, 0.7, 0.45, 0.4, 0.48, 0.31, 0.35, 0.3, 0.22, 0.21, 0.22, 0.19, 0.07, 0.09, 0.19, 0.03, 0.11, 0.07, 0.08, 0.07, 0.05, 0.02, 0.1, 0.03, 0.03, 0.03, 0.04, 0.03, 0.03, 0.01, 0.03, 0.04, 0.02, 0.01, 0.0, 0.0, 0.02, 0.01, 0.0, 0.0, 0.01, 0.0, 0.02, 0.0, 0.0, 0.0, 0.01, 0.0, 0.0, 0.0, 0.01, 0.0, 0.0, 0.0, 0.01, 0.01, 0.0, 0.0, 0.0, 0.0, 0.0, 0.0, 0.0, 0.0, 0.0, 0.0, 0.0, 0.0]

plt.xlabel("Number of Ciphertext-pair Decryptions")
plt.ylabel("Average Number of Discarded Subkeys")
plt.title("Graph 1")
plt.plot(honestly ,falafel)
plt.show()


import matplotlib.pyplot as plt
a=list(range(1,101))
b = [227.96, 203.92, 180.5, 158.6, 141.63, 125.19, 109.9, 96.99, 86.16, 76.95, 67.7, 59.66, 53.37, 48.1, 42.81, 37.98, 34.15, 30.73, 27.44, 24.55, 21.71, 19.84, 17.43, 15.66, 14.32, 12.68, 11.35, 10.25, 9.38, 8.53, 7.71, 6.83, 6.11, 5.41, 4.96, 4.56, 4.08, 3.77, 3.42, 3.12, 2.9, 2.69, 2.47, 2.28, 2.21, 2.12, 1.93, 1.9, 1.79, 1.72, 1.64, 1.57, 1.52, 1.5, 1.4, 1.37, 1.34, 1.31, 1.27, 1.24, 1.21, 1.2, 1.17, 1.13, 1.11, 1.1, 1.1, 1.1, 1.08, 1.07, 1.07, 1.07, 1.06, 1.06, 1.04, 1.04, 1.04, 1.04, 1.03, 1.03, 1.03, 1.03, 1.02, 1.02, 1.02, 1.02, 1.01, 1.0, 1.0, 1.0, 1.0, 1.0, 1.0, 1.0, 1.0, 1.0, 1.0, 1.0, 1.0, 1.0]
plt.bar(a,b,width=0.8 )
# naming the x-axis
plt.xlabel('Number of Ciphertext-Pair Decryptions')
# naming the y-axis
plt.ylabel('Number of Partial Subkeys Remaining')
# plot title
plt.title('Graph 2')
plt.show()